# egy egyszeru adatfile a fiznum1-hez
# Az elso oszlop az ido sec-ben a masodik a kinetikus energia J-ben
-2.000000000000000000e+01 1.219034022377723936e+01
-1.995995995995995997e+01 1.211130703683324761e+01
-1.991991991991991995e+01 1.182764871319569977e+01
-1.987987987987987992e+01 1.158297330276467463e+01
-1.983983983983983990e+01 1.176015416239856215e+01
-1.979979979979979987e+01 1.192123712972250438e+01
-1.975975975975975985e+01 1.203764691309369361e+01
-1.971971971971971982e+01 1.141154043368126914e+01
-1.967967967967967979e+01 1.183856211257696422e+01
-1.963963963963963977e+01 1.136819907668404106e+01
-1.959959959959959974e+01 1.140925734233254829e+01
-1.955955955955955972e+01 1.169241432050002771e+01
-1.951951951951951969e+01 1.150272459397550229e+01
-1.947947947947947966e+01 1.134467797225050489e+01
-1.943943943943943964e+01 1.140251007318613219e+01
-1.939939939939939961e+01 1.097769615623105999e+01
-1.935935935935935959e+01 1.167577265709153700e+01
-1.931931931931931956e+01 1.100072313094206677e+01
-1.927927927927927954e+01 1.127436201534580285e+01
-1.923923923923923951e+01 1.110670235370482573e+01
-1.919919919919919948e+01 1.103748878111898257e+01
-1.915915915915915946e+01 1.126893160354109291e+01
-1.911911911911911943e+01 1.105251491933921137e+01
-1.907907907907907941e+01 1.100815881053114431e+01
-1.903903903903903938e+01 1.087310585494014070e+01
-1.899899899899899935e+01 1.099192430570528245e+01
-1.895895895895895933e+01 1.105005724504901288e+01
-1.891891891891891930e+01 1.083291338437391538e+01
-1.887887887887887928e+01 1.057682771378909692e+01
-1.883883883883883925e+01 1.060332576193512111e+01
-1.879879879879879923e+01 1.033936539923484332e+01
-1.875875875875875920e+01 1.037993922785831558e+01
-1.871871871871871917e+01 1.039790084358670974e+01
-1.867867867867867915e+01 1.053577766996149734e+01
-1.863863863863863912e+01 1.012776093185091675e+01
-1.859859859859859910e+01 1.046802287739499882e+01
-1.855855855855855907e+01 1.052079370581763840e+01
-1.851851851851851904e+01 1.034280684415253404e+01
-1.847847847847847902e+01 1.012674563504542213e+01
-1.843843843843843899e+01 1.014256457760984809e+01
-1.839839839839839897e+01 1.006000954542473202e+01
-1.835835835835835894e+01 9.908119468771761973e+00
-1.831831831831831892e+01 1.005562132701935774e+01
-1.827827827827827889e+01 9.636834584308468621e+00
-1.823823823823823886e+01 9.941160025483029017e+00
-1.819819819819819884e+01 1.005833694485960983e+01
-1.815815815815815881e+01 9.679617653514963393e+00
-1.811811811811811879e+01 9.808032468911537904e+00
-1.807807807807807876e+01 9.735619512861527269e+00
-1.803803803803803874e+01 9.701901954442194054e+00
-1.799799799799799871e+01 9.528676253075028413e+00
-1.795795795795795868e+01 1.003860955048348202e+01
-1.791791791791791866e+01 9.730871808520651811e+00
-1.787787787787787863e+01 9.396252473915780001e+00
-1.783783783783783861e+01 9.731228865351093660e+00
-1.779779779779779858e+01 9.514816559816829056e+00
-1.775775775775775855e+01 8.937802291256829790e+00
-1.771771771771771853e+01 9.056750092347604308e+00
-1.767767767767767850e+01 9.314121670184231760e+00
-1.763763763763763848e+01 9.475907905308439183e+00
-1.759759759759759845e+01 9.089067028462286757e+00
-1.755755755755755843e+01 9.329550727123448794e+00
-1.751751751751751840e+01 8.970956141217987678e+00
-1.747747747747747837e+01 8.875994073470199197e+00
-1.743743743743743835e+01 9.345098034685296540e+00
-1.739739739739739832e+01 9.023653481809507326e+00
-1.735735735735735830e+01 9.256440659164370643e+00
-1.731731731731731827e+01 8.922709437851217729e+00
-1.727727727727727824e+01 9.027515906465557904e+00
-1.723723723723723822e+01 9.254528675228471002e+00
-1.719719719719719819e+01 9.066532178274982812e+00
-1.715715715715715817e+01 9.233085504994996029e+00
-1.711711711711711814e+01 8.712306228688049714e+00
-1.707707707707707812e+01 8.340184735039587238e+00
-1.703703703703703809e+01 8.623510004347831881e+00
-1.699699699699699806e+01 8.923781355911165392e+00
-1.695695695695695804e+01 8.730045254744824845e+00
-1.691691691691691801e+01 8.622320139795290217e+00
-1.687687687687687799e+01 8.638569057780891569e+00
-1.683683683683683796e+01 8.124328776939991670e+00
-1.679679679679679793e+01 8.427578134649431618e+00
-1.675675675675675791e+01 8.348071981429052713e+00
-1.671671671671671788e+01 8.116075514837366001e+00
-1.667667667667667786e+01 8.198340036726705193e+00
-1.663663663663663783e+01 8.510668663390246635e+00
-1.659659659659659781e+01 8.410204425926911753e+00
-1.655655655655655778e+01 8.297161707575625655e+00
-1.651651651651651775e+01 8.126035323764968510e+00
-1.647647647647647773e+01 8.294247989590779468e+00
-1.643643643643643770e+01 8.391522885295518819e+00
-1.639639639639639768e+01 7.916322535418106376e+00
-1.635635635635635765e+01 8.312000121249608853e+00
-1.631631631631631763e+01 7.986812799140030172e+00
-1.627627627627627760e+01 8.074386857041547572e+00
-1.623623623623623757e+01 8.230110691453246474e+00
-1.619619619619619755e+01 7.723083897636906947e+00
-1.615615615615615752e+01 7.879860431031525891e+00
-1.611611611611611750e+01 8.002841298342154630e+00
-1.607607607607607747e+01 7.592402409594411594e+00
-1.603603603603603744e+01 7.771636850838392618e+00
-1.599599599599599564e+01 7.740715062488797926e+00
-1.595595595595595562e+01 7.764009640111380506e+00
-1.591591591591591559e+01 7.821051776567053970e+00
-1.587587587587587556e+01 7.774915535083861684e+00
-1.583583583583583554e+01 7.171453177910050769e+00
-1.579579579579579551e+01 7.685766559721127322e+00
-1.575575575575575549e+01 7.646343717425875042e+00
-1.571571571571571546e+01 7.716270302946629300e+00
-1.567567567567567544e+01 7.546142704097897891e+00
-1.563563563563563541e+01 7.493579717505594928e+00
-1.559559559559559538e+01 7.272339397675504635e+00
-1.555555555555555536e+01 7.288957147680569015e+00
-1.551551551551551533e+01 7.365481855200090244e+00
-1.547547547547547531e+01 6.823889404027668526e+00
-1.543543543543543528e+01 7.297756765846269644e+00
-1.539539539539539525e+01 6.913641178867171888e+00
-1.535535535535535523e+01 6.942039941096961542e+00
-1.531531531531531520e+01 6.761466706143985483e+00
-1.527527527527527518e+01 6.646294613357736303e+00
-1.523523523523523515e+01 7.066064493477461461e+00
-1.519519519519519513e+01 6.894532386313168892e+00
-1.515515515515515510e+01 6.862631428801913458e+00
-1.511511511511511507e+01 6.929278742564646265e+00
-1.507507507507507505e+01 6.755834631111008015e+00
-1.503503503503503502e+01 6.731875383469639651e+00
-1.499499499499499500e+01 6.458991342725218132e+00
-1.495495495495495497e+01 6.921865866736228945e+00
-1.491491491491491495e+01 6.830576388003035682e+00
-1.487487487487487492e+01 6.820856591685017456e+00
-1.483483483483483489e+01 6.089368578956142031e+00
-1.479479479479479487e+01 6.684005520508773834e+00
-1.475475475475475484e+01 6.616816007737444494e+00
-1.471471471471471482e+01 6.389389644548488789e+00
-1.467467467467467479e+01 6.779160805853704730e+00
-1.463463463463463476e+01 6.396851534920567239e+00
-1.459459459459459474e+01 6.294796056450766564e+00
-1.455455455455455471e+01 6.570513802694957661e+00
-1.451451451451451469e+01 6.254793541095776455e+00
-1.447447447447447466e+01 6.550991331050205702e+00
-1.443443443443443464e+01 6.351402631518126896e+00
-1.439439439439439461e+01 6.632059361248764162e+00
-1.435435435435435458e+01 6.541789843470658283e+00
-1.431431431431431456e+01 6.348828464910598157e+00
-1.427427427427427453e+01 6.143127602857748393e+00
-1.423423423423423451e+01 6.066709056244830478e+00
-1.419419419419419448e+01 5.976466488425286272e+00
-1.415415415415415445e+01 6.050033538020392676e+00
-1.411411411411411443e+01 6.181980578041050833e+00
-1.407407407407407440e+01 5.902594989105759637e+00
-1.403403403403403438e+01 5.933554772981868730e+00
-1.399399399399399435e+01 5.841087261141583831e+00
-1.395395395395395433e+01 5.590592427435110423e+00
-1.391391391391391430e+01 5.609122321148049650e+00
-1.387387387387387427e+01 5.732812320560584318e+00
-1.383383383383383425e+01 5.840167041242961155e+00
-1.379379379379379422e+01 5.354237649048083192e+00
-1.375375375375375420e+01 5.422656715822277818e+00
-1.371371371371371417e+01 5.719035609108712670e+00
-1.367367367367367414e+01 5.638260075667360205e+00
-1.363363363363363412e+01 5.544365762348776983e+00
-1.359359359359359409e+01 5.565652795413550180e+00
-1.355355355355355229e+01 5.330095286637092755e+00
-1.351351351351351227e+01 5.502441947155445767e+00
-1.347347347347347224e+01 5.645405192661511862e+00
-1.343343343343343221e+01 5.827822836099010750e+00
-1.339339339339339219e+01 5.518921033250105523e+00
-1.335335335335335216e+01 5.572883382413349906e+00
-1.331331331331331214e+01 5.328297194173775786e+00
-1.327327327327327211e+01 5.478200223161797666e+00
-1.323323323323323208e+01 4.972320523734539144e+00
-1.319319319319319206e+01 5.087595266288977847e+00
-1.315315315315315203e+01 5.110615748487163046e+00
-1.311311311311311201e+01 5.047759403167960457e+00
-1.307307307307307198e+01 4.960546557056461303e+00
-1.303303303303303196e+01 5.371125189512387266e+00
-1.299299299299299193e+01 5.016839846747693343e+00
-1.295295295295295190e+01 4.961526337480662185e+00
-1.291291291291291188e+01 5.152012876076806691e+00
-1.287287287287287185e+01 4.945736910136400155e+00
-1.283283283283283183e+01 5.125942328049259089e+00
-1.279279279279279180e+01 5.114468714014219763e+00
-1.275275275275275177e+01 5.040360906226911020e+00
-1.271271271271271175e+01 4.709442657094050411e+00
-1.267267267267267172e+01 4.771712886642789364e+00
-1.263263263263263170e+01 4.967942272594145336e+00
-1.259259259259259167e+01 4.719146681467400128e+00
-1.255255255255255165e+01 4.510754303585906122e+00
-1.251251251251251162e+01 4.635207069760718390e+00
-1.247247247247247159e+01 4.655125880988321363e+00
-1.243243243243243157e+01 4.321302666711850371e+00
-1.239239239239239154e+01 4.494671026151479509e+00
-1.235235235235235152e+01 4.323222989609041278e+00
-1.231231231231231149e+01 4.294275724158738150e+00
-1.227227227227227146e+01 4.146351013710397382e+00
-1.223223223223223144e+01 4.562180907513119443e+00
-1.219219219219219141e+01 4.622809307311080751e+00
-1.215215215215215139e+01 4.617573535107243998e+00
-1.211211211211211136e+01 4.212964121539839013e+00
-1.207207207207207134e+01 4.835401143804832991e+00
-1.203203203203203131e+01 4.379673604284630706e+00
-1.199199199199199128e+01 4.559177823196012724e+00
-1.195195195195195126e+01 4.549302271201796977e+00
-1.191191191191191123e+01 4.452812994504722788e+00
-1.187187187187187121e+01 4.571092536751238278e+00
-1.183183183183183118e+01 4.061019596472342563e+00
-1.179179179179179116e+01 4.289776430543668084e+00
-1.175175175175175113e+01 4.138874590504642903e+00
-1.171171171171171110e+01 3.879906732274822634e+00
-1.167167167167167108e+01 4.054381526031841432e+00
-1.163163163163163105e+01 4.410128117094625821e+00
-1.159159159159159103e+01 4.228897184244358343e+00
-1.155155155155155100e+01 4.076018576631627255e+00
-1.151151151151151097e+01 4.238990008402555354e+00
-1.147147147147147095e+01 4.390794405516710519e+00
-1.143143143143143092e+01 4.013628653378162880e+00
-1.139139139139139090e+01 4.045689186116396385e+00
-1.135135135135135087e+01 3.617386631766570382e+00
-1.131131131131131085e+01 4.073063797296491373e+00
-1.127127127127127082e+01 3.729887338109209693e+00
-1.123123123123123079e+01 3.879411079349746494e+00
-1.119119119119119077e+01 3.846161485750245745e+00
-1.115115115115115074e+01 3.819818683299590845e+00
-1.111111111111111072e+01 3.843570475295759348e+00
-1.107107107107107069e+01 3.804242962679789120e+00
-1.103103103103103066e+01 3.289208443147658034e+00
-1.099099099099099064e+01 3.214299590536237261e+00
-1.095095095095095061e+01 3.600705154469256986e+00
-1.091091091091091059e+01 3.489136488920513202e+00
-1.087087087087087056e+01 3.832217759971275228e+00
-1.083083083083083054e+01 3.615975119575705943e+00
-1.079079079079079051e+01 3.243689056752057542e+00
-1.075075075075075048e+01 3.614154218085181558e+00
-1.071071071071071046e+01 3.638972663108827277e+00
-1.067067067067067043e+01 3.595334045232403852e+00
-1.063063063063063041e+01 3.619674374830587738e+00
-1.059059059059059038e+01 2.981096326450853873e+00
-1.055055055055055035e+01 3.668189488498958983e+00
-1.051051051051051033e+01 3.023045719255646357e+00
-1.047047047047047030e+01 3.716074320872094994e+00
-1.043043043043043028e+01 3.243213275454143840e+00
-1.039039039039039025e+01 2.747360625144885660e+00
-1.035035035035035023e+01 3.388705289059836367e+00
-1.031031031031031020e+01 2.973233826883149078e+00
-1.027027027027027017e+01 3.133034128347708336e+00
-1.023023023023023015e+01 3.190678618430590419e+00
-1.019019019019019012e+01 2.998586177331631575e+00
-1.015015015015015010e+01 3.103434809833716113e+00
-1.011011011011011007e+01 2.680974198127215047e+00
-1.007007007007007005e+01 2.828319294746982848e+00
-1.003003003003003002e+01 3.077287301648475637e+00
-9.989989989989989994e+00 2.873634669891343751e+00
-9.949949949949949968e+00 2.771684045805803187e+00
-9.909909909909909942e+00 2.963178755885881532e+00
-9.869869869869869916e+00 3.247413382151237649e+00
-9.829829829829829890e+00 3.011906589199841555e+00
-9.789789789789789864e+00 3.111365084546007687e+00
-9.749749749749749839e+00 2.881261297637196961e+00
-9.709709709709709813e+00 2.931771864985222464e+00
-9.669669669669669787e+00 2.840228252020837729e+00
-9.629629629629629761e+00 3.006006659325387798e+00
-9.589589589589589735e+00 2.414917814319614386e+00
-9.549549549549549710e+00 2.621004026079759797e+00
-9.509509509509509684e+00 2.821374780341027844e+00
-9.469469469469469658e+00 2.693937621730094101e+00
-9.429429429429429632e+00 2.328310032485079617e+00
-9.389389389389389606e+00 2.334503487543979183e+00
-9.349349349349349581e+00 2.435121555791005754e+00
-9.309309309309309555e+00 2.914665961977906505e+00
-9.269269269269269529e+00 2.366249258346268203e+00
-9.229229229229229503e+00 2.460135073493626923e+00
-9.189189189189189477e+00 2.620836039507709270e+00
-9.149149149149149451e+00 2.757901239723838049e+00
-9.109109109109109426e+00 2.687611663896256609e+00
-9.069069069069069400e+00 2.440793669461380766e+00
-9.029029029029029374e+00 2.437307692791606861e+00
-8.988988988988989348e+00 2.744536380604980508e+00
-8.948948948948949322e+00 2.595966708387977384e+00
-8.908908908908909297e+00 2.372978033534086872e+00
-8.868868868868869271e+00 2.705298778855256714e+00
-8.828828828828829245e+00 1.988501166574590417e+00
-8.788788788788789219e+00 2.551380003344394520e+00
-8.748748748748749193e+00 2.241061546685776396e+00
-8.708708708708709167e+00 2.257013754147876750e+00
-8.668668668668669142e+00 2.381793245811154147e+00
-8.628628628628629116e+00 2.164929722769701304e+00
-8.588588588588589090e+00 2.231845352726917309e+00
-8.548548548548549064e+00 2.178646584527785368e+00
-8.508508508508509038e+00 1.653069149691979156e+00
-8.468468468468469013e+00 1.979265742140943196e+00
-8.428428428428428987e+00 1.870691533438300080e+00
-8.388388388388388961e+00 2.285857976392885238e+00
-8.348348348348348935e+00 2.094243130328258484e+00
-8.308308308308308909e+00 1.773538146198440302e+00
-8.268268268268268884e+00 2.330370121291474028e+00
-8.228228228228228858e+00 2.215340024213467984e+00
-8.188188188188188832e+00 1.963658157641955837e+00
-8.148148148148148806e+00 1.974155446816048487e+00
-8.108108108108108780e+00 2.042826560955262050e+00
-8.068068068068068754e+00 2.098596852768421783e+00
-8.028028028028028729e+00 2.074454302550072793e+00
-7.987987987987988703e+00 1.426000517924154387e+00
-7.947947947947948677e+00 1.834339973135716173e+00
-7.907907907907908651e+00 1.940646153906658178e+00
-7.867867867867868625e+00 1.670657722885546148e+00
-7.827827827827828600e+00 1.673213028095045685e+00
-7.787787787787788574e+00 1.937652359037058680e+00
-7.747747747747748548e+00 1.542537853255189662e+00
-7.707707707707708522e+00 1.371424937034824820e+00
-7.667667667667668496e+00 1.681599390023830853e+00
-7.627627627627628470e+00 1.593356074407943357e+00
-7.587587587587588445e+00 1.605115097892504172e+00
-7.547547547547548419e+00 1.402768280749438157e+00
-7.507507507507508393e+00 1.754723223184580849e+00
-7.467467467467468367e+00 2.133621280797070252e+00
-7.427427427427428341e+00 1.530877831113336418e+00
-7.387387387387388316e+00 1.935172260031848612e+00
-7.347347347347348290e+00 1.316103212812328671e+00
-7.307307307307308264e+00 1.592523126051747617e+00
-7.267267267267268238e+00 1.469052568434811246e+00
-7.227227227227228212e+00 1.649865228178306165e+00
-7.187187187187188186e+00 1.330814617762415830e+00
-7.147147147147146384e+00 1.586467573499634520e+00
-7.107107107107106359e+00 1.888159011700836443e+00
-7.067067067067066333e+00 1.577832024641545150e+00
-7.027027027027026307e+00 1.732193970122797966e+00
-6.986986986986986281e+00 1.424488669488489290e+00
-6.946946946946946255e+00 1.659280577689352221e+00
-6.906906906906906229e+00 1.071279728103450513e+00
-6.866866866866866204e+00 1.503090005859171407e+00
-6.826826826826826178e+00 1.497637193227296937e+00
-6.786786786786786152e+00 1.014660898141453771e+00
-6.746746746746746126e+00 1.290718866693708389e+00
-6.706706706706706100e+00 1.334689702027318514e+00
-6.666666666666666075e+00 1.057546065402599877e+00
-6.626626626626626049e+00 1.237714882512972903e+00
-6.586586586586586023e+00 1.118436141562642483e+00
-6.546546546546545997e+00 1.185406203010282766e+00
-6.506506506506505971e+00 1.151526831195703204e+00
-6.466466466466465945e+00 1.473446954929379160e+00
-6.426426426426425920e+00 1.534841330468598608e+00
-6.386386386386385894e+00 1.475698956766372527e+00
-6.346346346346345868e+00 1.144031521791893713e+00
-6.306306306306305842e+00 1.016790317794838971e+00
-6.266266266266265816e+00 1.259942622753753128e+00
-6.226226226226225791e+00 1.341456461261700150e+00
-6.186186186186185765e+00 9.399917754744957499e-01
-6.146146146146145739e+00 1.108025330697852251e+00
-6.106106106106105713e+00 9.656420378162815510e-01
-6.066066066066065687e+00 9.911517842128183542e-01
-6.026026026026025662e+00 1.606158915827203160e+00
-5.985985985985985636e+00 1.232056210919396655e+00
-5.945945945945945610e+00 8.304547534536592668e-01
-5.905905905905905584e+00 1.140106581379847217e+00
-5.865865865865865558e+00 1.135596460428512033e+00
-5.825825825825825532e+00 1.076701329127114803e+00
-5.785785785785785507e+00 9.932980325355923457e-01
-5.745745745745745481e+00 1.056845352168233498e+00
-5.705705705705705455e+00 9.199894728825998014e-01
-5.665665665665665429e+00 7.635329230621421548e-01
-5.625625625625625403e+00 1.161861546760109221e+00
-5.585585585585585378e+00 8.774537228866868821e-01
-5.545545545545545352e+00 9.252460203956380802e-01
-5.505505505505505326e+00 1.267490930993588227e+00
-5.465465465465465300e+00 8.230944371539919979e-01
-5.425425425425425274e+00 8.932709646350789345e-01
-5.385385385385385248e+00 7.065400884302643902e-01
-5.345345345345345223e+00 9.057225359205367532e-01
-5.305305305305305197e+00 8.312853224429466170e-01
-5.265265265265265171e+00 7.448446633959615593e-01
-5.225225225225225145e+00 8.153559506402150436e-01
-5.185185185185185119e+00 6.055054667589366835e-01
-5.145145145145145094e+00 6.695351930203570223e-01
-5.105105105105105068e+00 6.454453400434903010e-01
-5.065065065065065042e+00 9.251400199653868617e-01
-5.025025025025025016e+00 4.066725901595710235e-01
-4.984984984984984990e+00 8.984810367200402048e-01
-4.944944944944944965e+00 6.957947622405400434e-01
-4.904904904904904939e+00 8.728888823649144646e-01
-4.864864864864864913e+00 9.277074563284034570e-01
-4.824824824824824887e+00 1.069317542022807155e+00
-4.784784784784784861e+00 8.935177814535923968e-01
-4.744744744744744835e+00 7.004614745075490312e-01
-4.704704704704704810e+00 8.253326619372187700e-01
-4.664664664664664784e+00 6.329432721099141901e-01
-4.624624624624624758e+00 7.972382401094982862e-01
-4.584584584584584732e+00 4.761592664571936417e-01
-4.544544544544544706e+00 3.326680524749703882e-01
-4.504504504504504681e+00 4.477226128898574298e-01
-4.464464464464464655e+00 4.511321936148212641e-01
-4.424424424424424629e+00 6.791069117476828954e-01
-4.384384384384384603e+00 7.171056129222241893e-01
-4.344344344344344577e+00 6.790323769573375357e-01
-4.304304304304304551e+00 4.767540954447688772e-01
-4.264264264264264526e+00 3.561657855266489037e-01
-4.224224224224224500e+00 5.869651145851348950e-01
-4.184184184184184474e+00 4.697756443306733143e-01
-4.144144144144144448e+00 1.167281654996293216e+00
-4.104104104104104422e+00 4.809912757697337726e-01
-4.064064064064064397e+00 9.671782082782770518e-01
-4.024024024024024371e+00 2.653922881802935896e-01
-3.983983983983982569e+00 5.679112683448804821e-01
-3.943943943943942543e+00 4.607209985303486466e-01
-3.903903903903902517e+00 7.781621570478498562e-01
-3.863863863863862491e+00 5.167254243889476406e-01
-3.823823823823822465e+00 3.189413220155283835e-01
-3.783783783783782440e+00 3.451793115204316864e-01
-3.743743743743742414e+00 3.710898131274866785e-01
-3.703703703703702388e+00 3.880680147298858351e-01
-3.663663663663662362e+00 1.671262727564044592e-01
-3.623623623623622336e+00 2.457264673174777703e-01
-3.583583583583582310e+00 4.572373646070703734e-01
-3.543543543543542285e+00 4.290547673650835780e-01
-3.503503503503502259e+00 4.812068514893158011e-01
-3.463463463463462233e+00 4.252240410651038638e-01
-3.423423423423422207e+00 2.498983104414102818e-01
-3.383383383383382181e+00 5.260996382985840825e-01
-3.343343343343342156e+00 4.988955503007846959e-01
-3.303303303303302130e+00 -8.850193721104737676e-03
-3.263263263263262104e+00 7.401767127536225122e-01
-3.223223223223222078e+00 3.453545974888087011e-01
-3.183183183183182052e+00 4.509702298657008446e-01
-3.143143143143142026e+00 -1.932942595430414134e-01
-3.103103103103102001e+00 2.774720592589786095e-01
-3.063063063063061975e+00 1.491817553647482031e-01
-3.023023023023021949e+00 3.479114878357547624e-01
-2.982982982982981923e+00 3.171036997449879768e-01
-2.942942942942941897e+00 2.365128865734301700e-01
-2.902902902902901872e+00 1.195867709610939911e-02
-2.862862862862861846e+00 1.961776556956279505e-02
-2.822822822822821820e+00 2.107789232011283431e-01
-2.782782782782781794e+00 2.970112423972628424e-01
-2.742742742742741768e+00 4.490359571697314367e-01
-2.702702702702701743e+00 9.136809512165769420e-02
-2.662662662662661717e+00 4.239799074132483692e-01
-2.622622622622621691e+00 1.815493811926764123e-01
-2.582582582582581665e+00 3.977565427091477313e-01
-2.542542542542541639e+00 5.791660744719153708e-01
-2.502502502502501613e+00 8.170888023008479606e-02
-2.462462462462461588e+00 2.918298599992340536e-01
-2.422422422422421562e+00 1.226287027650686395e-01
-2.382382382382381536e+00 3.578782299692061519e-01
-2.342342342342341510e+00 3.936593033364232941e-01
-2.302302302302301484e+00 -2.137540734676150467e-01
-2.262262262262261459e+00 -1.318540776071185083e-01
-2.222222222222221433e+00 3.527117588703271855e-01
-2.182182182182181407e+00 2.724318964427657752e-01
-2.142142142142141381e+00 5.106040726972410626e-02
-2.102102102102101355e+00 2.867205801830176315e-02
-2.062062062062061329e+00 4.157124930870180479e-02
-2.022022022022021304e+00 -2.751061093224033138e-01
-1.981981981981981278e+00 7.378131830251269396e-02
-1.941941941941941252e+00 5.298007983577287527e-01
-1.901901901901901226e+00 3.543106663995234107e-01
-1.861861861861861200e+00 3.401490332720814580e-01
-1.821821821821821175e+00 8.406889783946311367e-03
-1.781781781781781149e+00 7.429456881969984106e-03
-1.741741741741741123e+00 2.902717944360357072e-02
-1.701701701701701097e+00 2.527098687330236321e-02
-1.661661661661661071e+00 2.877422071345347998e-01
-1.621621621621621046e+00 8.994196836245915705e-03
-1.581581581581581020e+00 1.739918532558913933e-01
-1.541541541541540994e+00 -1.239445143464295296e-01
-1.501501501501500968e+00 6.235413660511752304e-02
-1.461461461461460942e+00 -9.964515297361825619e-02
-1.421421421421420916e+00 3.318416989522297855e-02
-1.381381381381380891e+00 1.108173003702299236e-01
-1.341341341341340865e+00 2.394422695386626554e-01
-1.301301301301300839e+00 -3.316048811341195529e-02
-1.261261261261260813e+00 -3.240867410311033536e-01
-1.221221221221220787e+00 4.341067642676920135e-01
-1.181181181181180762e+00 -6.641198100390870163e-02
-1.141141141141140736e+00 -3.855378756286163000e-01
-1.101101101101100710e+00 4.365593137181718597e-01
-1.061061061061060684e+00 1.479212189741570260e-01
-1.021021021021020658e+00 4.219333763686717864e-01
-9.809809809809806325e-01 2.677964923338777004e-01
-9.409409409409406067e-01 4.126246828278600232e-01
-9.009009009009005808e-01 2.734618669067902519e-01
-8.608608608608605550e-01 8.235726863078007137e-03
-8.208208208208205292e-01 1.186504226740464629e-02
-7.807807807807805034e-01 -4.077291892127531958e-01
-7.407407407407404776e-01 -1.089100842059698843e-01
-7.007007007007004518e-01 -2.043452390413519337e-01
-6.606606606606604259e-01 9.958390267209829561e-02
-6.206206206206204001e-01 1.098555617736466372e-01
-5.805805805805803743e-01 1.045559694631965908e-01
-5.405405405405403485e-01 7.073075776680995408e-02
-5.005005005005003227e-01 -8.289029777521686460e-02
-4.604604604604602969e-01 1.929791787131005798e-01
-4.204204204204202711e-01 3.759380653492567365e-02
-3.803803803803802452e-01 -9.507749125487906239e-02
-3.403403403403402194e-01 -1.067129824191681842e-01
-3.003003003003001936e-01 1.852176888196025717e-01
-2.602602602602601678e-01 -2.302264200876185385e-01
-2.202202202202201420e-01 1.848480372064511268e-01
-1.801801801801801162e-01 -2.522495569495770695e-01
-1.401401401401400904e-01 -3.274070178011703747e-01
-1.001001001001000645e-01 -1.585822157219223816e-01
-6.006006006006003872e-02 -1.036901168011881286e-01
-2.002002002002001291e-02 -1.333677435442917336e-01
2.002002002002001291e-02 9.221705976603489230e-02
6.006006006006003872e-02 -1.521415058214908578e-01
1.001001001001000645e-01 -1.611746599032687632e-01
1.401401401401400904e-01 3.263453579067288057e-01
1.801801801801801162e-01 -3.137936770039722600e-01
2.202202202202201420e-01 -1.886587049874116975e-02
2.602602602602601678e-01 3.940085551372501937e-01
3.003003003003001936e-01 -1.501329340051276995e-01
3.403403403403402194e-01 -3.139786010426915720e-03
3.803803803803802452e-01 1.417043250171414748e-01
4.204204204204202711e-01 3.677908271537312368e-01
4.604604604604602969e-01 -2.624605214856264856e-01
5.005005005005003227e-01 -2.661857650922244689e-01
5.405405405405403485e-01 3.202720475498698760e-01
5.805805805805803743e-01 -6.395530900763822524e-02
6.206206206206204001e-01 -1.396233416202602995e-01
6.606606606606604259e-01 4.540563494753944995e-02
7.007007007007004518e-01 5.085052114417011604e-02
7.407407407407404776e-01 2.743076020659554470e-02
7.807807807807805034e-01 -6.702093675141543305e-02
8.208208208208205292e-01 1.293413776121602465e-01
8.608608608608605550e-01 8.318621240218758428e-02
9.009009009009005808e-01 2.766924621022209818e-01
9.409409409409406067e-01 -2.053362296251281249e-01
9.809809809809806325e-01 1.408184634053514725e-02
1.021021021021020658e+00 4.628949058159872454e-01
1.061061061061060684e+00 1.682967105241685302e-01
1.101101101101100710e+00 4.025469437876234569e-01
1.141141141141140736e+00 -1.454377893651699338e-01
1.181181181181180762e+00 3.816414187468113450e-01
1.221221221221220787e+00 -2.894798416147627007e-01
1.261261261261260813e+00 9.669526815966136835e-02
1.301301301301300839e+00 1.058837602509649090e-02
1.341341341341340865e+00 -1.996755082971780060e-01
1.381381381381380891e+00 -2.012105686961055961e-01
1.421421421421420916e+00 4.200070442819647809e-02
1.461461461461460942e+00 3.608842880673834852e-01
1.501501501501500968e+00 1.709938111485365397e-01
1.541541541541540994e+00 2.027018852248533842e-01
1.581581581581581020e+00 4.075250024187403453e-01
1.621621621621621046e+00 1.276320189629662760e-01
1.661661661661661071e+00 -9.821261769332609304e-02
1.701701701701701097e+00 1.130498310186937722e-01
1.741741741741741123e+00 3.879713958318942169e-01
1.781781781781781149e+00 3.617382965701012587e-01
1.821821821821821175e+00 -1.976068957293041772e-01
1.861861861861861200e+00 -2.221687175930657510e-01
1.901901901901901226e+00 2.838466097249865427e-01
1.941941941941941252e+00 1.341190200475797512e-01
1.981981981981981278e+00 2.319766145643559763e-01
2.022022022022021304e+00 2.365224469930667650e-01
2.062062062062061329e+00 -2.862906765969019940e-01
2.102102102102101355e+00 1.161605312584530064e-01
2.142142142142141381e+00 1.031169080593841159e-01
2.182182182182181407e+00 1.497631719310783260e-01
2.222222222222221433e+00 1.075205038169455285e-01
2.262262262262261459e+00 1.796943591332382517e-01
2.302302302302301484e+00 1.842196119822719080e-01
2.342342342342341510e+00 2.205917800980130294e-01
2.382382382382381536e+00 -3.199195223355395523e-01
2.422422422422421562e+00 2.173979338063470879e-01
2.462462462462461588e+00 7.931755726421767239e-02
2.502502502502501613e+00 4.930752870039186719e-01
2.542542542542541639e+00 4.542934085300084912e-02
2.582582582582581665e+00 -1.465807818988212052e-01
2.622622622622621691e+00 1.086605158210677130e-01
2.662662662662661717e+00 5.405263039071357412e-01
2.702702702702701743e+00 -5.693780153836627833e-02
2.742742742742741768e+00 1.638008525722312037e-01
2.782782782782781794e+00 2.151124986129440142e-01
2.822822822822821820e+00 3.344337272795919191e-01
2.862862862862861846e+00 6.649550942397117193e-02
2.902902902902901872e+00 5.266283644688074528e-01
2.942942942942941897e+00 1.632952729689769455e-01
2.982982982982981923e+00 2.280417018825296183e-01
3.023023023023021949e+00 5.295775382026198796e-01
3.063063063063061975e+00 1.859036418952590974e-01
3.103103103103102001e+00 3.108296054560049648e-01
3.143143143143142026e+00 2.665311673415049487e-03
3.183183183183182052e+00 5.372187622932460549e-01
3.223223223223222078e+00 2.212983489159591477e-01
3.263263263263262104e+00 5.782301295865355240e-01
3.303303303303302130e+00 1.336504672661109894e-01
3.343343343343342156e+00 3.012639962246698166e-01
3.383383383383382181e+00 6.596471747769898641e-01
3.423423423423422207e+00 5.209770469097184664e-01
3.463463463463462233e+00 5.665804406255016135e-01
3.503503503503502259e+00 1.438569757645184188e-01
3.543543543543542285e+00 6.814615666996697296e-01
3.583583583583582310e+00 3.441512111781935834e-01
3.623623623623622336e+00 3.309831327017370706e-01
3.663663663663662362e+00 5.601387888820685834e-01
3.703703703703702388e+00 4.181351259744837123e-01
3.743743743743742414e+00 2.806114440886833261e-01
3.783783783783782440e+00 4.058730652236353653e-01
3.823823823823822465e+00 5.549404989526525167e-01
3.863863863863862491e+00 2.445036619198797112e-01
3.903903903903902517e+00 4.574830041999149444e-01
3.943943943943942543e+00 7.300893843161914143e-01
3.983983983983982569e+00 5.379429772154378231e-01
4.024024024024022594e+00 1.836186150563376418e-01
4.064064064064062620e+00 4.059574958990411764e-01
4.104104104104102646e+00 3.373583215746266406e-01
4.144144144144142672e+00 5.120640971935603858e-01
4.184184184184182698e+00 4.576459104837153902e-01
4.224224224224222723e+00 9.330181637031509378e-01
4.264264264264262749e+00 4.431864528310573426e-01
4.304304304304302775e+00 2.442413718880926954e-01
4.344344344344342801e+00 7.099945183699070128e-01
4.384384384384382827e+00 7.355075628501401841e-01
4.424424424424422853e+00 2.954988537304155116e-01
4.464464464464462878e+00 4.805123103977783083e-01
4.504504504504502904e+00 5.611238787060076616e-01
4.544544544544542930e+00 6.595626958273324014e-01
4.584584584584582956e+00 5.969571355090672604e-01
4.624624624624622982e+00 7.355701259308810025e-01
4.664664664664663007e+00 3.435819687331977956e-01
4.704704704704703033e+00 6.837529153784766001e-01
4.744744744744743059e+00 8.925788000263564781e-01
4.784784784784783085e+00 8.950675442705122720e-01
4.824824824824823111e+00 9.393420958190782377e-01
4.864864864864863137e+00 3.772206314424798590e-01
4.904904904904903162e+00 6.009363298186718438e-01
4.944944944944943188e+00 9.264443417832862737e-01
4.984984984984983214e+00 4.392664413057386641e-01
5.025025025025023240e+00 9.793927201507609537e-01
5.065065065065063266e+00 1.347610958446161966e+00
5.105105105105103291e+00 5.587645116944108814e-01
5.145145145145143317e+00 1.083770650738721031e+00
5.185185185185183343e+00 1.002878841405384636e+00
5.225225225225223369e+00 3.548000813519064933e-01
5.265265265265263395e+00 7.455320194862627980e-01
5.305305305305303420e+00 8.197918150564018624e-01
5.345345345345343446e+00 8.961051893225634446e-01
5.385385385385383472e+00 9.253585100800010288e-01
5.425425425425423498e+00 8.017576320534092194e-01
5.465465465465463524e+00 9.123172517024550343e-01
5.505505505505503550e+00 1.022180433419816348e+00
5.545545545545543575e+00 9.715498538466380563e-01
5.585585585585583601e+00 1.455994590085184948e+00
5.625625625625623627e+00 9.108303575734875146e-01
5.665665665665667206e+00 8.243672649672559860e-01
5.705705705705707231e+00 8.649319057812653311e-01
5.745745745745747257e+00 8.473461072038435127e-01
5.785785785785787283e+00 1.012733879089388278e+00
5.825825825825827309e+00 9.757067022799466027e-01
5.865865865865867335e+00 1.283137927953507340e+00
5.905905905905907360e+00 1.018162325265466794e+00
5.945945945945947386e+00 1.449967137142134765e+00
5.985985985985987412e+00 1.043585422130324902e+00
6.026026026026027438e+00 9.454563217563367594e-01
6.066066066066067464e+00 1.361744650322732841e+00
6.106106106106107489e+00 1.241070139637580283e+00
6.146146146146147515e+00 1.443953829061714655e+00
6.186186186186187541e+00 1.344528674930734136e+00
6.226226226226227567e+00 1.203173269425167780e+00
6.266266266266267593e+00 1.705007863876407681e+00
6.306306306306307619e+00 1.174603618400434479e+00
6.346346346346347644e+00 1.441662859337014657e+00
6.386386386386387670e+00 9.505320905187482072e-01
6.426426426426427696e+00 1.376789965260201143e+00
6.466466466466467722e+00 1.789658537673168404e+00
6.506506506506507748e+00 1.382663752793369838e+00
6.546546546546547773e+00 1.322590596669039442e+00
6.586586586586587799e+00 1.693785745362492268e+00
6.626626626626627825e+00 1.506898655192567826e+00
6.666666666666667851e+00 1.973262653477789286e+00
6.706706706706707877e+00 2.064827153600644838e+00
6.746746746746747903e+00 2.108998063949213186e+00
6.786786786786787928e+00 1.500934484412345782e+00
6.826826826826827954e+00 1.738795392983969457e+00
6.866866866866867980e+00 1.651672864632813598e+00
6.906906906906908006e+00 1.936573063041249432e+00
6.946946946946948032e+00 2.183232107118567633e+00
6.986986986986988057e+00 1.888604862564112308e+00
7.027027027027028083e+00 2.038190088188506000e+00
7.067067067067068109e+00 1.855692503553194594e+00
7.107107107107108135e+00 1.878563269556659865e+00
7.147147147147148161e+00 2.348095305189171089e+00
7.187187187187188186e+00 1.876215017330413071e+00
7.227227227227228212e+00 2.351927994683378209e+00
7.267267267267268238e+00 2.287046457755117501e+00
7.307307307307308264e+00 2.384856917492506945e+00
7.347347347347348290e+00 2.267493316952565952e+00
7.387387387387388316e+00 2.743985630666060604e+00
7.427427427427428341e+00 2.606404274721715542e+00
7.467467467467468367e+00 2.763451123216140282e+00
7.507507507507508393e+00 2.368764071329009901e+00
7.547547547547548419e+00 3.049454435051153212e+00
7.587587587587588445e+00 3.266583410508486107e+00
7.627627627627628470e+00 2.924430491658781772e+00
7.667667667667668496e+00 3.118728447704573803e+00
7.707707707707708522e+00 3.093356223529577065e+00
7.747747747747748548e+00 3.295948615160602557e+00
7.787787787787788574e+00 3.537362306984580762e+00
7.827827827827828600e+00 3.549173634431352475e+00
7.867867867867868625e+00 3.513576818426740633e+00
7.907907907907908651e+00 4.052932202538649165e+00
7.947947947947948677e+00 3.786536620344532089e+00
7.987987987987988703e+00 3.897223517965307416e+00
8.028028028028028729e+00 3.737054379102398016e+00
8.068068068068068754e+00 3.782439920521587062e+00
8.108108108108108780e+00 3.677178312523284198e+00
8.148148148148148806e+00 4.059923862190604638e+00
8.188188188188188832e+00 4.641389459410890872e+00
8.228228228228228858e+00 4.219884802284463277e+00
8.268268268268268884e+00 4.447448407145436988e+00
8.308308308308308909e+00 4.273789828150114545e+00
8.348348348348348935e+00 4.564409126327272581e+00
8.388388388388388961e+00 4.770696380602252873e+00
8.428428428428428987e+00 5.136026977638042723e+00
8.468468468468469013e+00 4.545672694493041455e+00
8.508508508508509038e+00 4.772407741691571559e+00
8.548548548548549064e+00 5.527586648897301558e+00
8.588588588588589090e+00 5.275294139293617235e+00
8.628628628628629116e+00 5.486917789010306024e+00
8.668668668668669142e+00 5.245542149286833045e+00
8.708708708708709167e+00 5.766502304056782435e+00
8.748748748748749193e+00 5.804418253353936130e+00
8.788788788788789219e+00 5.643820434642341510e+00
8.828828828828829245e+00 5.854615186601630050e+00
8.868868868868869271e+00 5.954090833461444632e+00
8.908908908908909297e+00 5.934167973904824755e+00
8.948948948948949322e+00 6.106168475614121682e+00
8.988988988988989348e+00 6.582299841836900534e+00
9.029029029029029374e+00 6.541475399736667917e+00
9.069069069069069400e+00 6.680443059734349376e+00
9.109109109109109426e+00 6.379071716694003413e+00
9.149149149149149451e+00 6.808630789360943680e+00
9.189189189189189477e+00 6.572876005453098358e+00
9.229229229229229503e+00 6.990703829315974005e+00
9.269269269269269529e+00 6.887516042221283108e+00
9.309309309309309555e+00 6.711793146198547610e+00
9.349349349349349581e+00 7.001676780159214353e+00
9.389389389389389606e+00 7.163093426167950639e+00
9.429429429429429632e+00 6.943828542554100203e+00
9.469469469469469658e+00 7.650150433069859091e+00
9.509509509509509684e+00 7.228148406102938850e+00
9.549549549549549710e+00 7.300689457796206483e+00
9.589589589589589735e+00 7.631884391047525362e+00
9.629629629629629761e+00 7.638008005525836808e+00
9.669669669669669787e+00 7.701693994231852969e+00
9.709709709709709813e+00 7.646755419999466064e+00
9.749749749749749839e+00 7.694307543914134406e+00
9.789789789789789864e+00 7.814818059143314066e+00
9.829829829829829890e+00 7.653474420660256072e+00
9.869869869869869916e+00 8.156626727389882703e+00
9.909909909909909942e+00 7.553483497713257222e+00
9.949949949949949968e+00 8.035438167543716759e+00
9.989989989989989994e+00 7.925960529910366148e+00
1.003003003003003002e+01 7.891957426035182799e+00
1.007007007007007005e+01 8.238170375394812339e+00
1.011011011011011007e+01 7.935309616814914868e+00
1.015015015015015010e+01 7.924916524652513949e+00
1.019019019019019012e+01 8.064887865633016517e+00
1.023023023023023015e+01 7.906371216925258238e+00
1.027027027027027017e+01 8.123257357070958307e+00
1.031031031031031020e+01 8.063196124605816806e+00
1.035035035035035023e+01 8.493819875124799523e+00
1.039039039039039025e+01 8.270519410763579771e+00
1.043043043043043028e+01 8.023506453288405282e+00
1.047047047047047030e+01 8.120081949802905541e+00
1.051051051051051033e+01 7.999909136987293223e+00
1.055055055055055035e+01 8.284454465649497834e+00
1.059059059059059038e+01 7.980633515440117343e+00
1.063063063063063041e+01 8.104192460810049070e+00
1.067067067067067043e+01 7.809885521456648938e+00
1.071071071071071046e+01 7.979743607425943352e+00
1.075075075075075048e+01 7.617632089856630984e+00
1.079079079079079051e+01 7.775112513368600986e+00
1.083083083083083054e+01 7.650852500240437060e+00
1.087087087087087056e+01 7.490203461613814895e+00
1.091091091091091059e+01 7.825267224381866171e+00
1.095095095095095061e+01 7.341352546053589556e+00
1.099099099099099064e+01 7.847141195728407403e+00
1.103103103103103066e+01 7.576656726517827067e+00
1.107107107107107069e+01 7.184224009018843837e+00
1.111111111111111072e+01 7.300429012055103861e+00
1.115115115115115074e+01 7.324137412595872476e+00
1.119119119119119077e+01 6.853428595793350731e+00
1.123123123123123079e+01 7.119850103138882780e+00
1.127127127127127082e+01 7.076636948435481855e+00
1.131131131131131085e+01 7.065270856791907583e+00
1.135135135135135087e+01 7.504254863382435303e+00
1.139139139139139090e+01 7.455161271628647057e+00
1.143143143143143092e+01 7.375799074463555094e+00
1.147147147147147095e+01 6.768973416621785866e+00
1.151151151151151097e+01 6.467888254908496393e+00
1.155155155155155100e+01 6.693805490482214182e+00
1.159159159159159103e+01 6.439293001879506484e+00
1.163163163163163105e+01 6.731385208792723063e+00
1.167167167167167108e+01 6.509556072920847924e+00
1.171171171171171110e+01 6.338414867282162746e+00
1.175175175175175113e+01 6.313185623569347094e+00
1.179179179179179116e+01 6.353279690093614818e+00
1.183183183183183118e+01 6.392503175106013735e+00
1.187187187187187121e+01 6.345300343690637668e+00
1.191191191191191123e+01 5.998747769872817770e+00
1.195195195195195126e+01 6.011570706858336166e+00
1.199199199199199128e+01 6.135749785070746753e+00
1.203203203203203486e+01 6.135849450162436547e+00
1.207207207207207489e+01 6.257840370051618528e+00
1.211211211211211491e+01 6.212888068573397149e+00
1.215215215215215494e+01 5.606399006986536371e+00
1.219219219219219497e+01 6.069729946685343158e+00
1.223223223223223499e+01 5.770579446709074745e+00
1.227227227227227502e+01 5.810702128779959175e+00
1.231231231231231504e+01 6.175804420463949285e+00
1.235235235235235507e+01 5.982779970188695451e+00
1.239239239239239510e+01 5.455819168949831877e+00
1.243243243243243512e+01 5.365030953386332513e+00
1.247247247247247515e+01 5.659585465407060312e+00
1.251251251251251517e+01 5.511160628837548536e+00
1.255255255255255520e+01 5.967016636200828117e+00
1.259259259259259522e+01 5.819999454712945663e+00
1.263263263263263525e+01 5.648272331588089834e+00
1.267267267267267528e+01 5.347430656811928529e+00
1.271271271271271530e+01 5.739823471585721038e+00
1.275275275275275533e+01 5.605668174385249891e+00
1.279279279279279535e+01 5.729701102276317570e+00
1.283283283283283538e+01 5.551681076689817473e+00
1.287287287287287540e+01 5.380976501439312720e+00
1.291291291291291543e+01 5.617138256066474433e+00
1.295295295295295546e+01 5.644838821340849577e+00
1.299299299299299548e+01 5.485610038377663145e+00
1.303303303303303551e+01 5.480525908957200265e+00
1.307307307307307553e+01 5.529222773747159536e+00
1.311311311311311556e+01 5.716125483035175314e+00
1.315315315315315559e+01 5.754901058747462272e+00
1.319319319319319561e+01 5.647777545426222012e+00
1.323323323323323564e+01 5.832705642510252808e+00
1.327327327327327566e+01 5.333221807618826915e+00
1.331331331331331569e+01 5.565454226113217828e+00
1.335335335335335571e+01 5.717060545722656428e+00
1.339339339339339574e+01 5.640151451054729037e+00
1.343343343343343577e+01 5.762696335578943341e+00
1.347347347347347579e+01 5.713422742375898977e+00
1.351351351351351582e+01 5.845961393947354701e+00
1.355355355355355584e+01 6.016990709054377717e+00
1.359359359359359587e+01 5.552596384754243886e+00
1.363363363363363590e+01 5.844789089882691080e+00
1.367367367367367592e+01 5.628924768986856897e+00
1.371371371371371595e+01 5.298863294735266294e+00
1.375375375375375597e+01 5.824363291257987463e+00
1.379379379379379600e+01 6.171210307328893307e+00
1.383383383383383602e+01 6.183725177700915232e+00
1.387387387387387605e+01 5.849730803065960494e+00
1.391391391391391608e+01 6.134559788408060044e+00
1.395395395395395610e+01 5.890599448187622045e+00
1.399399399399399613e+01 5.683241329689798782e+00
1.403403403403403615e+01 6.234238521213882223e+00
1.407407407407407618e+01 5.645570211239118841e+00
1.411411411411411621e+01 5.813548896504640240e+00
1.415415415415415623e+01 5.962120356567083057e+00
1.419419419419419626e+01 5.906685754148548462e+00
1.423423423423423628e+01 6.238872977380522933e+00
1.427427427427427631e+01 6.458314251856828392e+00
1.431431431431431633e+01 6.198440239524853013e+00
1.435435435435435636e+01 6.156348702669911077e+00
1.439439439439439639e+01 6.006346145710219631e+00
1.443443443443443641e+01 6.105277871656177524e+00
1.447447447447447644e+01 6.292600707291707174e+00
1.451451451451451646e+01 6.470176881237900801e+00
1.455455455455455649e+01 6.474297101656819819e+00
1.459459459459459651e+01 6.681995166837680244e+00
1.463463463463463654e+01 6.534046622778567404e+00
1.467467467467467657e+01 6.623850531103292916e+00
1.471471471471471659e+01 6.499240386083168453e+00
1.475475475475475662e+01 6.885270286024208986e+00
1.479479479479479664e+01 6.524838069085785008e+00
1.483483483483483667e+01 6.332024261254949771e+00
1.487487487487487670e+01 6.750084906019799824e+00
1.491491491491491672e+01 6.489607716260410442e+00
1.495495495495495675e+01 6.772733914212154538e+00
1.499499499499499677e+01 7.249596141659783832e+00
1.503503503503503680e+01 7.463764719261673619e+00
1.507507507507507682e+01 6.745391634327932096e+00
1.511511511511511685e+01 6.830036387544828003e+00
1.515515515515515688e+01 6.833367130047299121e+00
1.519519519519519690e+01 6.857223834541582796e+00
1.523523523523523693e+01 6.937955081556085979e+00
1.527527527527527695e+01 6.452384303624831396e+00
1.531531531531531698e+01 6.941199592964936826e+00
1.535535535535535701e+01 7.034314852343078961e+00
1.539539539539539703e+01 7.036198621648249052e+00
1.543543543543543706e+01 7.073540436593206415e+00
1.547547547547547708e+01 7.354147296032207848e+00
1.551551551551551711e+01 7.411213722195805431e+00
1.555555555555555713e+01 7.251045959030462562e+00
1.559559559559559716e+01 7.425467013887821821e+00
1.563563563563563719e+01 7.457134226632978979e+00
1.567567567567567721e+01 7.383596517373653079e+00
1.571571571571571724e+01 7.283756249732261878e+00
1.575575575575575726e+01 7.558437124157365794e+00
1.579579579579579729e+01 7.321753431592973094e+00
1.583583583583583732e+01 7.428383352171389120e+00
1.587587587587587734e+01 7.332159899380818580e+00
1.591591591591591737e+01 7.515529751276987191e+00
1.595595595595595739e+01 7.652538237934159326e+00
1.599599599599599742e+01 7.568418363959205308e+00
1.603603603603603744e+01 7.663477995065345993e+00
1.607607607607607747e+01 7.921637798686805176e+00
1.611611611611611750e+01 7.615243907509728238e+00
1.615615615615615752e+01 8.165701258739913371e+00
1.619619619619619755e+01 7.942018252672617074e+00
1.623623623623623757e+01 8.044068611775161415e+00
1.627627627627627760e+01 8.180076590581546014e+00
1.631631631631631763e+01 7.933876118587043003e+00
1.635635635635635765e+01 7.596818437641693400e+00
1.639639639639639768e+01 7.940559819644764872e+00
1.643643643643643770e+01 8.407939604258814370e+00
1.647647647647647773e+01 7.973016171402426799e+00
1.651651651651651775e+01 8.390710993769442183e+00
1.655655655655655778e+01 8.470761380073836833e+00
1.659659659659659781e+01 7.903102990747688850e+00
1.663663663663663783e+01 8.518536694477033322e+00
1.667667667667667786e+01 8.360019133358738586e+00
1.671671671671671788e+01 8.075940176999218068e+00
1.675675675675675791e+01 8.188743212876961053e+00
1.679679679679679793e+01 8.599071101619914614e+00
1.683683683683683796e+01 8.268923480751247723e+00
1.687687687687687799e+01 8.629079669468653790e+00
1.691691691691691801e+01 8.488386593405635949e+00
1.695695695695695804e+01 8.583342342996706620e+00
1.699699699699699806e+01 8.809403105744687323e+00
1.703703703703703809e+01 8.680417883561450054e+00
1.707707707707707812e+01 8.724666859425013854e+00
1.711711711711711814e+01 8.609795657163321181e+00
1.715715715715715817e+01 8.656992760563779754e+00
1.719719719719719819e+01 8.651417768835662159e+00
1.723723723723723822e+01 8.964763834914084129e+00
1.727727727727727824e+01 9.283305613218869823e+00
1.731731731731731827e+01 9.050954946927802780e+00
1.735735735735735830e+01 8.764019426719000805e+00
1.739739739739739832e+01 8.841208588241547872e+00
1.743743743743743835e+01 8.965172771753017855e+00
1.747747747747747837e+01 9.035755506107648216e+00
1.751751751751751840e+01 9.298035976101088451e+00
1.755755755755755843e+01 9.240862167187605891e+00
1.759759759759759845e+01 9.311648287153460046e+00
1.763763763763763848e+01 9.314284849278749334e+00
1.767767767767767850e+01 9.384998766913980717e+00
1.771771771771771853e+01 9.277975397015381986e+00
1.775775775775775855e+01 9.474532478363768107e+00
1.779779779779779858e+01 9.565073937158082629e+00
1.783783783783783861e+01 9.724541672609861465e+00
1.787787787787787863e+01 9.953097748463136440e+00
1.791791791791791866e+01 1.042431199893599825e+01
1.795795795795795868e+01 9.799197907184003853e+00
1.799799799799799871e+01 9.921122615966607938e+00
1.803803803803803874e+01 9.553221508904247372e+00
1.807807807807807876e+01 9.654655259458095884e+00
1.811811811811811879e+01 1.005359567302748047e+01
1.815815815815815881e+01 9.878322508716204098e+00
1.819819819819819884e+01 1.043355800882586237e+01
1.823823823823823886e+01 9.967122063977418733e+00
1.827827827827827889e+01 1.020541376971197778e+01
1.831831831831831892e+01 9.665939321817731411e+00
1.835835835835835894e+01 1.013769660670253714e+01
1.839839839839839897e+01 1.023742074806705382e+01
1.843843843843843899e+01 1.019965685224909002e+01
1.847847847847847902e+01 1.023396912331693365e+01
1.851851851851851904e+01 1.037509695142751021e+01
1.855855855855855907e+01 1.043574969477745995e+01
1.859859859859859910e+01 1.006551600313763473e+01
1.863863863863863912e+01 1.058412658863559841e+01
1.867867867867867915e+01 1.037022779868742361e+01
1.871871871871871917e+01 1.071907098463695718e+01
1.875875875875875920e+01 1.052157862671998423e+01
1.879879879879879923e+01 1.060797395023108436e+01
1.883883883883883925e+01 1.052674179294681878e+01
1.887887887887887928e+01 1.067954626861783041e+01
1.891891891891891930e+01 1.085216686790928797e+01
1.895895895895895933e+01 1.060116762093563558e+01
1.899899899899899935e+01 1.043629221175414123e+01
1.903903903903903938e+01 1.065039922517883042e+01
1.907907907907907941e+01 1.108987278549349931e+01
1.911911911911911943e+01 1.088400855439799919e+01
1.915915915915915946e+01 1.095738836475446831e+01
1.919919919919919948e+01 1.083157199188095809e+01
1.923923923923923951e+01 1.124000934351428427e+01
1.927927927927927954e+01 1.122684864923705383e+01
1.931931931931931956e+01 1.132607647295599662e+01
1.935935935935935959e+01 1.097163757445246013e+01
1.939939939939939961e+01 1.093628133734366692e+01
1.943943943943943964e+01 1.141347947458036316e+01
1.947947947947947966e+01 1.156687828785038263e+01
1.951951951951951969e+01 1.159276000229813697e+01
1.955955955955955972e+01 1.172623087835333244e+01
1.959959959959959974e+01 1.190392100624058536e+01
1.963963963963963977e+01 1.169482683946972656e+01
1.967967967967967979e+01 1.175885649939984212e+01
1.971971971971971982e+01 1.187604857038285466e+01
1.975975975975975985e+01 1.174306914878164143e+01
1.979979979979979987e+01 1.156378630352035231e+01
1.983983983983983990e+01 1.176399440782360095e+01
1.987987987987987992e+01 1.183810951573567394e+01
1.991991991991991995e+01 1.195699084707519511e+01
1.995995995995995997e+01 1.183123427133119066e+01
2.000000000000000000e+01 1.216578675297651913e+01
